16.0	40
17.0	13
18.0	61
20.0	2
25.0	2
26.0	11
29.3	36
34.0	3
36.0	4
37.0	36
38.0	61
39.0	79
40.0	62
41.0	17
42.0	7
44.0	98
45.0	38
46.0	2
47.0	8
49.1	32
50.0	220
51.0	373
52.1	63
54.0	3
55.0	23
56.0	7
57.0	8
60.0	6
61.0	13
62.0	10
63.0	13
64.0	5
65.0	31
66.2	20
67.0	10
68.0	7
69.0	5
70.0	3
71.0	1
73.0	26
74.0	97
75.0	49
77.1	709
78.0	73
79.0	11
80.0	2
81.0	3
82.0	3
83.0	4
84.0	3
85.0	5
86.0	3
87.0	2
89.0	1
90.0	1
91.0	10
93.0	8
94.0	27
95.0	5
96.0	2
97.0	1
102.0	2
103.0	4
105.1	1000
106.2	81
107.0	7
118.0	2
119.0	6
122.1	843
123.0	62
124.0	8
133.0	6
134.0	4
135.0	1
137.0	3
149.0	3
150.0	2
191.0	1
