26.0	-4.0
27.0	-4.0
28.0	-2.0
29.0	-3.0
37.0	-4.0
38.0	-9.0
39.0	-94.0
40.0	-10.0
41.0	-55.0
42.0	-0.0
43.0	-14.0
50.0	-13.0
51.0	-56.0
52.0	-17.0
53.0	-33.0
54.0	-0.0
55.0	-17.0
57.0	-3.0
58.0	-5.0
61.0	-3.0
62.0	-12.0
63.0	-24.0
64.0	-7.0
65.0	-46.0
66.0	-16.0
67.0	-25.0
68.0	-12.0
69.0	-7.0
74.0	-6.0
75.0	-12.0
76.0	-3.0
77.0	-80.0
78.0	-24.0
79.0	-49.0
80.0	-2.0
81.0	-6.0
83.0	-5.0
85.0	-4.0
87.0	-3.0
89.0	-13.0
90.0	-5.0
91.0	-157.0
92.0	-19.0
93.0	-12.0
94.0	-4.0
95.0	-3.0
101.0	-4.0
102.0	-11.0
103.0	-17.0
104.0	-4.0
105.0	-43.0
106.0	-6.0
107.0	-51.0
108.0	-12.0
109.0	-17.0
113.0	-6.0
114.0	-3.0
115.0	-91.0
116.0	-28.0
117.0	-87.0
118.0	-10.0
119.0	-6.0
120.0	-6.0
121.0	-22.0
128.0	-4.0
129.0	-3.0
131.0	-6.0
133.0	-20.0
134.0	-18.0
135.0	-1000.0
136.0	-89.0
137.0	-4.0
150.0	-248.0
151.0	-27.0