36.0	1.2991572618484497
37.0	11.544942855834961
38.0	43.054771423339844
39.0	174.83145141601562
40.0	24.037919998168945
41.0	31.509830474853516
42.0	17.15589714050293
43.0	32.25421142578125
44.0	44.05898666381836
45.0	10.161516189575195
46.0	1.067415714263916
47.0	2.66853928565979
49.0	16.594100952148438
50.0	95.9339828491211
51.0	193.65167236328125
52.0	127.24718475341797
53.0	144.71908569335938
54.0	12.226123809814453
55.0	88.30757904052734
56.0	5.962078094482422
57.0	14.248594284057617
58.0	8.86938190460205
59.0	4.122190952301025
60.0	5.7092695236206055
61.0	25.540729522705078
62.0	59.23454666137695
63.0	118.59549713134766
64.0	26.678369522094727
65.0	84.63482666015625
66.0	20.54775047302246
67.0	19.6278076171875
68.0	6.516853332519531
69.0	16.938201904296875
70.0	5.491572380065918
71.0	5.933988571166992
72.0	1.6853933334350586
73.0	15.063200950622559
74.0	29.634828567504883
75.0	47.212074279785156
76.0	20.2668514251709
77.0	580.16845703125
78.0	148.42697143554688
79.0	184.1011199951172
80.0	23.20926856994629
81.0	22.09971809387207
82.0	2.956460475921631
83.0	2.0224716663360596
84.0	1.8960673809051514
85.0	18.202245712280273
86.0	8.356741905212402
87.0	12.450841903686523
88.0	3.9676966667175293
89.0	81.48876190185547
90.0	15.491571426391602
91.0	64.42415618896484
92.0	9.234549522399902
93.0	4.227528095245361
94.0	6.207864761352539
95.0	11.446629524230957
96.0	3.1811797618865967
97.0	8.49718952178955
98.0	4.817415714263916
99.0	2.1418535709381104
100.0	1.327247142791748
101.0	4.367977142333984
102.0	11.095504760742188
103.0	21.994380950927734
104.0	6.439606666564941
105.0	27.563201904296875
107.0	485.05615234375
108.0	45.372188568115234
109.0	17.050561904907227
110.0	3.2233142852783203
113.0	1.769662857055664
114.0	4.283707618713379
115.0	5.238763332366943
116.0	1.6853933334350586
117.0	7.717695713043213
118.0	8.146066665649414
119.0	7.05056095123291
120.0	7.96348237991333
121.0	7.4016852378845215
122.0	1.516853928565979
123.0	4.248594760894775
124.0	3.3778085708618164
126.0	1.1587077379226685
128.0	2.1418535709381104
131.0	3.2865169048309326
132.0	1.235954999923706
133.0	11.404494285583496
134.0	10.730337142944336
135.0	904.4381713867188
136.0	83.56038665771484
137.0	17.745784759521484
138.0	25.730335235595703
139.0	2.71769642829895
144.0	4.873595237731934
147.0	3.644662618637085
148.0	3.504213571548462
149.0	15.688201904296875
150.0	1000.0
151.0	103.96769714355469
152.0	11.235954284667969
167.0	2.0224716663360596