337050.0	102967.0
337099.0	102959.21875
337150.0	102951.1171875
337200.0	102943.171875
337249.0	102935.390625
337300.0	102927.2890625
337350.0	102919.34375
337399.0	102911.5625
337450.0	102903.4609375
337500.0	102895.515625
337549.0	102887.734375
337600.0	102879.6328125
337650.0	102871.6953125
337699.0	102863.90625
337750.0	102855.8046875
337800.0	102847.8671875
337849.0	102840.078125
337900.0	102831.9765625
337950.0	102824.0390625
337999.0	102816.2578125
338050.0	102808.15625
338100.0	102800.2109375
338149.0	102792.4296875
338200.0	102784.328125
338250.0	102776.3828125
338299.0	102768.6015625
338350.0	102760.5
338400.0	102752.5546875
338449.0	102744.7734375
338500.0	102736.671875
338550.0	102728.7265625
338599.0	102720.9453125
338650.0	102712.84375
338700.0	102704.90625
338749.0	102697.1171875
338800.0	102689.015625
338850.0	102681.078125
338899.0	102673.2890625
338950.0	102665.1875
339000.0	102657.25
339049.0	102649.46875
339100.0	102641.3671875
339150.0	102633.421875
339199.0	102625.640625
339250.0	102617.5390625
339300.0	102609.59375
339349.0	102601.8125
339400.0	102593.7109375
339450.0	102585.765625
339499.0	102577.984375
339550.0	102569.8828125
339600.0	102561.9375
339649.0	102554.15625
339700.0	102546.0546875
339750.0	102538.1171875
339799.0	102530.328125
339850.0	102522.2265625
339900.0	102514.2890625
339949.0	102506.5
340000.0	102498.3984375
340050.0	102490.4609375
340099.0	102482.6796875
340150.0	102474.578125
340200.0	102466.6328125
340249.0	102458.8515625
340300.0	102450.75
340350.0	102442.8046875
340399.0	102435.0234375
340450.0	102426.921875
340500.0	102418.9765625
340549.0	102411.1953125
340600.0	102403.09375
340650.0	102395.1484375
340699.0	102387.3671875
340750.0	102379.265625
340800.0	102371.3203125
340849.0	102363.5390625
340900.0	102355.4375
340950.0	102347.5
340999.0	102339.7109375
341050.0	102331.609375
341100.0	102323.671875
341149.0	102315.8828125
341200.0	102307.7890625
341250.0	102299.84375
341299.0	102292.0625
341350.0	102283.9609375
341400.0	102276.015625
341449.0	102268.234375
341500.0	102260.1328125
341550.0	102252.1875
341599.0	102244.40625
341650.0	102236.3046875
341700.0	102228.359375
341749.0	102220.578125
341800.0	102212.4765625
341850.0	102204.53125
341899.0	102196.75
341950.0	102188.6484375
342000.0	102180.7109375
342049.0	102172.921875
342100.0	102164.8203125
342150.0	102156.8828125
342199.0	102149.09375
342250.0	102141.0
342300.0	102133.0546875
342349.0	102125.2734375
342400.0	102117.171875
342450.0	102109.2265625
342499.0	102101.4453125
342550.0	102093.34375
342600.0	102085.3984375
342649.0	102077.6171875
342700.0	102069.515625
342750.0	102061.5703125
342799.0	102053.7890625
342850.0	102045.6875
342900.0	102037.7421875
342949.0	102029.9609375
343000.0	102021.859375
343050.0	102013.921875
343099.0	102006.1328125
343150.0	101998.03125
343200.0	101990.09375
343249.0	101982.3046875
343300.0	101974.203125
343350.0	101966.265625
343399.0	101958.484375
343450.0	101950.3828125
343500.0	101942.4375
343549.0	101934.65625
343600.0	101926.5546875
343650.0	101918.609375
343699.0	101910.828125
343750.0	101902.7265625
343800.0	101894.78125
343849.0	101887.0