330000	101460
330050	101521
330100	101552
330150	101536
330200	101447
330250	101413
330300	101433
330350	101487
330400	101522
330450	101488
330500	101485
330550	101492
330600	101515
330650	101496
330700	101455
330750	101440
330800	101416
330850	101453
330900	101474
330950	101521
331000	101519
331050	101515
331100	101481
331150	101459
331200	101442
331250	101469
331300	101512
331350	101552
331400	101525
331450	101517
331500	101501
331550	101537
331600	101534
331650	101548
331700	101558
331750	101612
331800	101651
331850	101666
331900	101667
331950	101674
332000	101698
332050	101713
332100	101721
332150	101754
332200	101810
332250	101861
332300	101863
332350	101839
332400	101853
332450	101876
332500	101896
332550	101867
332600	101862
332650	101860
332700	101891
332750	101908
332800	101910
332850	101934
332900	101942
332950	101916
333000	101872
333050	101831
333100	101829
333150	101820
333200	101822
333250	101794
333300	101757
333350	101723
333400	101706
333450	101664
333500	101637
333550	101618
333600	101615
333650	101619
333700	101637
333750	101656
333800	101666
333850	101654
333900	101636
333950	101609
334000	101608
334050	101627
334100	101612
334150	101553
334200	101500
334250	101548
334300	101600
334350	101628
334400	101558
334450	101491
334500	101488
334550	101561
334600	101632
334650	101673
334700	101607
334750	101575
334800	101522
334850	101534
334900	101557
334950	101639
335000	101700
335050	101750
335100	101743
335150	101713
335200	101643
335250	101587
335300	101574
335350	101585
335400	101622
335450	101609
335500	101604
335550	101582
335600	101575
335650	101589
335700	101583
335750	101603
335800	101582
335850	101556
335900	101569
335950	101612
336000	101640
336050	101636
336100	101622
336150	101589
336200	101564
336250	101555
336300	101641
336350	101686
336400	101699
336450	101661
336500	101641
336550	101645
336600	101650
336650	101698
336700	101740
336750	101812
336800	101866
336850	101950
336900	102057
336950	102284
337000	102581
337050	102967
337100	103471
337150	104198
337200	105166
337250	106488
337300	108246
337350	110601
337400	113645
337450	117546
337500	122602
337550	129106
337600	137459
337650	147933
337700	160940
337750	177041
337800	196695
337850	220230
337900	248391
337950	282357
338000	322812
338050	369904
338100	423829
338150	486054
338200	557094
338250	636714
338300	724895
338350	823611
338400	934783
338450	1058206
338500	1192373
338550	1336735
338600	1492001
338650	1658277
338700	1833736
338750	2016095
338800	2204871
338850	2398759
338900	2598523
338950	2804393
339000	3019426
339050	3239880
339100	3452450
339150	3648696
339200	3830230
339250	4002063
339300	4160095
339350	4292479
339400	4396487
339450	4470995
339500	4515598
339550	4524976
339600	4493853
339650	4422890
339700	4312291
339750	4161700
339800	3969378
339850	3736402
339900	3470868
339950	3186848
340000	2895754
340050	2605124
340100	2312321
340150	2021744
340200	1742735
340250	1485775
340300	1254889
340350	1049589
340400	869039
340450	713863
340500	583169
340550	475817
340600	389121
340650	320244
340700	266222
340750	224563
340800	192570
340850	168178
340900	149748
340950	136099
341000	126206
341050	119085
341100	113989
341150	110377
341200	107858
341250	106099
341300	104879
341350	104044
341400	103432
341450	103035
341500	102760
341550	102614
341600	102522
341650	102495
341700	102454
341750	102401
341800	102335
341850	102304
341900	102264
341950	102239
342000	102237
342050	102259
342100	102251
342150	102202
342200	102169
342250	102131
342300	102109
342350	102065
342400	102078
342450	102106
342500	102109
342550	102096
342600	102058
342650	102054
342700	102054
342750	102083
342800	102122
342850	102130
342900	102116
342950	102057
343000	102042
343050	102023
343100	102041
343150	102031
343200	102032
343250	102036
343300	102031
343350	102013
343400	102000
343450	101974
343500	101975
343550	101958
343600	101992
343650	101999
343700	101990
343750	101951
343800	101914
343850	101887
343900	101897
343950	101930
344000	101942
344050	101933
344100	101938
344150	101947
344200	101975
344250	101972
344300	101960
344350	101932
344400	101908
344450	101918
344500	101934
344550	102004
344600	102093
344650	102170
344700	102219
344750	102317
344800	102474
344850	102693
344900	102931
344950	103175
345000	103502
345050	103897
345100	104418
345150	104999
345200	105626
345250	106342
345300	107152
345350	108119
345400	109174
345450	110330
345500	111558
345550	112840
345600	114171
345650	115538
345700	116904
345750	118146
345800	119276
345850	120355
345900	121394
345950	122353
346000	123164
346050	123860
346100	124361
346150	124646
346200	124681
346250	124556
346300	124265
346350	123742
346400	122941
346450	121909
346500	120811
346550	119676
346600	118470
346650	117216
346700	115870
346750	114540
346800	113202
346850	111955
346900	110721
346950	109541
347000	108470
347050	107552
347100	106737
347150	105999
347200	105340
347250	104762
347300	104245
347350	103805
347400	103460
347450	103170
347500	102881
347550	102596
347600	102366
347650	102240
347700	102144
347750	102050
347800	101947
347850	101898
347900	101889
347950	101880
348000	101871
348050	101857
348100	101857
348150	101832
348200	101774
348250	101742
348300	101728
348350	101764
348400	101792
348450	101765
348500	101745
348550	101737
348600	101787
348650	101808
348700	101809
348750	101826
348800	101863
348850	101890
348900	101883
348950	101844
349000	101797
349050	101770
349100	101803
349150	101810
349200	101793
349250	101745
349300	101715
349350	101703
349400	101690
349450	101741
349500	101793
349550	101891
349600	101917
349650	101896
349700	101823
349750	101792
349800	101815
349850	101852
349900	101901
349950	101992
350000	102083
350050	102149
350100	102151
350150	102203
350200	102325
350250	102513
350300	102632
350350	102738
350400	102871
350450	103062
350500	103266
350550	103477
350600	103698
350650	103874
350700	104002
350750	104154
350800	104400
350850	104613
350900	104835
350950	105010
351000	105195
351050	105332
351100	105465
351150	105654
351200	105808
351250	105890
351300	105910
351350	105919
351400	105907
351450	105858
351500	105793
351550	105679
351600	105540
351650	105352
351700	105206
351750	105027
351800	104815
351850	104621
351900	104417
351950	104245
352000	104021
352050	103787
352100	103535
352150	103328
352200	103159
352250	103010
352300	102805
352350	102649
352400	102475
352450	102353
352500	102257
352550	102191
352600	102133
352650	102040
352700	101997
352750	101953
352800	101910
352850	101854
352900	101841
352950	101793
353000	101740
353050	101704
353100	101696
353150	101713
353200	101669
353250	101660
353300	101651
353350	101653
353400	101661
353450	101640
353500	101670
353550	101686
353600	101661
353650	101605
353700	101594
353750	101639
353800	101653
353850	101683
353900	101704
353950	101722
354000	101694