337050.0	102967.0
337099.0	103471.00231933594
337150.0	104198.00183105469
337200.0	105165.99926757812
337249.0	106488.00122070312
337300.0	108246.0009765625
337350.0	110600.99853515625
337399.0	113645.0009765625
337450.0	117546.001953125
337500.0	122601.99609375
337549.0	129106.001953125
337600.0	137459.00390625
337650.0	147933.00390625
337699.0	160939.99609375
337750.0	177041.0
337800.0	196695.0
337849.0	220230.0078125
337900.0	248390.9921875
337950.0	282356.9921875
337999.0	322812.0390625
338050.0	369904.03125
338100.0	423829.0546875
338149.0	486053.9921875
338200.0	557094.046875
338250.0	636714.0078125
338299.0	724894.9765625
338350.0	823611.125
338400.0	934782.9296875
338449.0	1058205.9609375
338500.0	1192373.171875
338550.0	1336735.1015625
338599.0	1492000.9453125
338650.0	1658276.84375
338700.0	1833735.90625
338749.0	2016094.8671875
338800.0	2204871.015625
338850.0	2398759.078125
338899.0	2598522.7890625
338950.0	2804392.9375
339000.0	3019426.25
339049.0	3239880.46875
339100.0	3452450.6171875
339150.0	3648696.421875
339199.0	3830230.140625
339250.0	4002063.0390625
339300.0	4160095.59375
339349.0	4292478.8125
339400.0	4396487.7109375
339450.0	4470994.765625
339499.0	4515597.984375
339550.0	4524975.8828125
339600.0	4493852.9375
339649.0	4422890.65625
339700.0	4312291.0546875
339750.0	4161700.3671875
339799.0	3969378.328125
339850.0	3736401.9765625
339900.0	3470868.5390625
339949.0	3186848.25
340000.0	2895754.3984375
340050.0	2605123.9609375
340099.0	2312321.1796875
340150.0	2021744.203125
340200.0	1742735.0078125
340249.0	1485774.9765625
340300.0	1254889.125
340350.0	1049589.0546875
340399.0	869039.0859375
340450.0	713862.984375
340500.0	583169.0703125
340549.0	475817.0703125
340600.0	389121.0
340650.0	320243.9921875
340699.0	266221.9921875
340750.0	224562.9921875
340800.0	192570.0
340849.0	168178.0078125
340900.0	149747.9921875
340950.0	136099.00390625
340999.0	126205.998046875
341050.0	119084.99609375
341100.0	113989.001953125
341149.0	110376.99658203125
341200.0	107858.00390625
341250.0	106099.0009765625
341299.0	104879.00317382812
341350.0	104044.00244140625
341400.0	103431.99963378906
341449.0	103035.001953125
341500.0	102760.00143432617
341550.0	102613.99850463867
341599.0	102522.00079345703
341650.0	102495.00036621094
341700.0	102453.99743652344
341749.0	102400.99969482422
341800.0	102334.99927520752
341850.0	102303.99631500244
341899.0	102263.99856567383
341950.0	102238.99820327759
342000.0	102237.00303649902
342049.0	102258.9974899292
342100.0	102250.99710845947
342150.0	102202.001953125
342199.0	102168.99638557434
342250.0	102141.0
342300.0	102133.0546875
342349.0	102125.2734375
342400.0	102117.171875
342450.0	102109.2265625
342499.0	102109.00201272964
342550.0	102096.00164055824
342600.0	102085.3984375
342649.0	102077.6171875
342700.0	102069.515625
342750.0	102082.99758338928
342799.0	102121.99983215332
342850.0	102129.99947357178
342900.0	102115.99649047852
342949.0	102056.9987373352
343000.0	102041.99836540222
343050.0	102023.00321006775
343099.0	102040.99765014648
343150.0	102030.99727630615
343200.0	102032.00211334229
343249.0	102035.99655151367
343300.0	102030.99618148804
343350.0	102013.00102996826
343399.0	102000.00327301025
343450.0	101974.00290298462
343500.0	101974.99993515015
343549.0	101958.00218200684
343600.0	101992.0018157959
343650.0	101998.99884033203
343699.0	101990.00109100342
343750.0	101951.00071716309
343800.0	101913.99775314331
343849.0	101887.0