370600.0	103120.0
370650.0	103107.0625
370699.0	103094.390625
370750.0	103081.1953125
370800.0	103068.265625
370849.0	103055.5859375
370900.0	103042.3984375
370950.0	103029.4609375
370999.0	103016.78125
371050.0	103003.59375
371100.0	102990.65625
371149.0	102977.984375
371200.0	102964.7890625
371250.0	102951.8515625
371299.0	102939.1796875
371350.0	102925.984375
371400.0	102913.0546875
371449.0	102900.375
371500.0	102887.1875
371550.0	102874.25
371599.0	102861.578125
371650.0	102848.3828125
371700.0	102835.4453125
371749.0	102822.7734375
371800.0	102809.578125
371850.0	102796.6484375
371899.0	102783.96875
371950.0	102770.7734375
372000.0	102757.84375
372049.0	102745.1640625
372100.0	102731.9765625
372150.0	102719.0390625
372199.0	102706.3671875
372250.0	102693.171875
372300.0	102680.234375
372349.0	102667.5625
372400.0	102654.3671875
372450.0	102641.4375
372499.0	102628.7578125
372550.0	102615.5625
372600.0	102602.6328125
372649.0	102589.953125
372700.0	102576.765625
372750.0	102563.828125
372799.0	102551.15625
372850.0	102537.9609375
372900.0	102525.0234375
372949.0	102512.3515625
373000.0	102499.15625
373050.0	102486.2265625
373099.0	102473.546875
373150.0	102460.3515625
373200.0	102447.421875
373249.0	102434.7421875
373300.0	102421.5546875
373350.0	102408.6171875
373399.0	102395.9453125
373450.0	102382.75
373500.0	102369.8125
373549.0	102357.140625
373600.0	102343.9453125
373650.0	102331.015625
373699.0	102318.3359375
373750.0	102305.1484375
373800.0	102292.2109375
373849.0	102279.53125
373900.0	102266.34375
373950.0	102253.40625
373999.0	102240.734375
374050.0	102227.5390625
374100.0	102214.6015625
374149.0	102201.9296875
374200.0	102188.734375
374250.0	102175.8046875
374299.0	102163.125
374350.0	102149.9375
374400.0	102137.0