370600.0	103120.0
370650.0	103692.99670410156
370699.0	104453.00036621094
370750.0	105450.998046875
370800.0	106707.00244140625
370849.0	108312.99853515625
370900.0	110369.00390625
370950.0	112953.0
370999.0	116237.99609375
371050.0	120364.001953125
371100.0	125525.998046875
371149.0	131818.001953125
371200.0	139409.0
371250.0	148521.99609375
371299.0	159419.0
371350.0	172221.0
371400.0	187176.0078125
371449.0	204610.9921875
371500.0	224633.0
371550.0	247002.0
371599.0	271591.0
371650.0	298562.0234375
371700.0	327932.9921875
371749.0	359583.9765625
371800.0	392618.984375
371850.0	425749.9921875
371899.0	458215.0
371950.0	490833.0234375
372000.0	523690.0
372049.0	555590.0390625
372100.0	584815.0078125
372150.0	610307.0078125
372199.0	631083.9921875
372250.0	646321.984375
372300.0	656608.984375
372349.0	661844.0
372400.0	661857.9921875
372450.0	656500.0
372499.0	645830.0078125
372550.0	629072.0
372600.0	605693.0078125
372649.0	577110.984375
372700.0	545406.046875
372750.0	511629.984375
372799.0	476106.03125
372850.0	439747.9921875
372900.0	403733.9921875
372949.0	369064.9765625
373000.0	335964.0
373050.0	304839.0078125
373099.0	275876.0
373150.0	249596.9921875
373200.0	226021.9921875
373249.0	205376.0
373300.0	187429.0078125
373350.0	171834.0
373399.0	158348.0
373450.0	146789.0
373500.0	137186.99609375
373549.0	129324.0
373600.0	122987.998046875
373650.0	117876.0029296875
373699.0	113830.9970703125
373750.0	110648.00390625
373800.0	108188.00048828125
373849.0	106298.99633789062
373900.0	104862.00170898438
373950.0	103794.99829101562
373999.0	103031.00201416016
374050.0	102508.99960327148
374100.0	102214.6015625
374149.0	102201.9296875
374200.0	102188.734375
374250.0	102175.8046875
374299.0	102163.125
374350.0	102149.9375
374400.0	102137.0