0.0	4352331.482897827
0.21	5023907.37142159
0.42	5683828.518127838
0.63	6332094.923016573
0.84	6968706.586087793
1.05	7593663.5073414985
1.26	8206965.6867776895
1.47	8808613.124396365
1.68	9398605.820197528
1.89	9976943.774181176
2.1	1.054362698634731E7
2.31	1.109865545669593E7
2.52	1.1642029185227033E7
2.73	1.2173748171940623E7
2.94	1.26938124168367E7
3.15	1.3202221919915263E7
3.36	1.3698976681176309E7
3.57	1.4184076700619841E7
3.78	1.465752197824586E7
3.9899999999999998	1.5119312514054364E7
4.2	1.5569448308045356E7
4.41	1.600792936021883E7
4.62	1.6434755670574792E7
4.83	1.6849927239113238E7
5.04	1.7253444065834172E7
5.25	1.764530615073759E7
5.46	1.802551349382349E7
5.67	1.839406609509188E7
5.88	1.8750963954542756E7
6.09	1.9096207072176117E7
6.3	1.9429795447991963E7
6.51	1.9751729081990294E7
6.72	2.006200797417111E7
6.93	2.0360632124534413E7
7.14	2.0647601533080205E7
7.35	2.092291619980848E7
7.56	2.1186576124719232E7
7.77	2.1438581307812482E7
7.9799999999999995	2.1678931749088213E7
8.19	2.1907627448546432E7
8.4	2.2124668406187132E7
8.610000000000001	2.233005462201032E7
8.820000000000002	2.2523786096015997E7
9.030000000000003	2.2705862828204155E7
9.240000000000004	2.28762848185748E7
9.450000000000005	2.303505206712793E7
9.660000000000005	2.318216457386355E7
9.870000000000006	2.3317622338781647E7
10.080000000000007	2.344142536188224E7
10.290000000000008	2.3553573643165313E7