402	3.34
414	2.905
414	2.955
422	2.885
422	3.095
430	2.8
446	3.29
450	1.145
454	1.445
454	2.83
470	2.835
478	2.83
510	2.825
530	2.82
538	2.815
554	2.815
570	2.815
582	3.36
586	2.815
606	2.755
646	1.275
686	2.845
702	1.19
706	1.625
878	3.035
902	1.82
918	1.245
946	1.845
962	1.86
1002	2.39
1212	4.11
1248	4.12
1260	4.23
1308	3.555
1416	3.735
1464	3.12
1476	4.715
1560	1.93
1608	2.64
1686	3.17
1716	2.67
1734	5.095
1794	3.215
1812	3.535
1818	2.685
1824	3.38
1830	2.735
1866	4.785
1890	2.815
1914	3.555
1920	2.71
1950	4.83
2016	2.73
2016	3.53
2052	3.415
2076	2.13
2082	3.535
2106	2.775
2112	3.535
2118	2.835
2196	2.785
2202	3.575
2214	3.48
2250	2.175
2280	2.815
2280	4.025
2286	3.62
2286	4.5
2298	2.19
2304	2.175
2328	3.985
2340	4.51
2388	4.44
2406	4.55
2442	2.11
2466	4.495
2478	2.28
2523	2.86
2532	4.505
2559	4.46
2577	4.5
2622	2.35
2721	8.765
2730	8.53
2739	8.235
2748	8.0
3072	3.865
3594	3.19
3720	2.72
3747	3.26
3765	3.4
412	2.525
424	2.13
424	3.355
428	1.365
428	2.97
432	2.995
440	3.135
444	2.035
460	2.91
464	1.225
468	2.9
480	2.185
480	2.9
484	2.595
488	2.905
500	1.61
520	2.905
552	2.34
556	2.895
584	2.93
596	1.47
604	1.23
620	2.005
628	2.89
636	2.715
640	2.955
644	1.695
644	1.88
656	2.65
672	2.95
700	2.97
720	1.255
720	2.87
728	2.975
764	3.125
784	3.03
784	3.25
792	3.055
804	3.11
840	3.19
848	3.14
852	3.03
856	1.23
876	3.215
900	3.035
924	3.275
940	1.295
944	2.995
968	1.26
976	3.185
1024	2.39
1154	1.785
1178	4.25
1286	4.145
1304	4.205
1310	3.58
1334	3.44
1376	3.42
1442	3.615
1484	2.04
1616	1.97
1622	4.015
1640	3.505
1664	2.07
1676	1.96
1694	3.035
1724	2.41
1742	2.075
1760	4.965
1790	2.01
1802	3.055
1892	4.645
1898	2.14
1910	2.15
1916	2.735
1922	2.445
1922	2.7
1970	2.15
1976	4.72
2018	2.075
2030	2.145
2030	2.15
2066	2.17
2072	2.09
2078	3.345
2084	2.19
2096	2.11
2108	2.065
2108	2.2
2162	2.13
2168	2.245
2174	2.085
2174	2.135
2174	2.24
2234	2.235
2246	2.135
2246	2.23
2252	2.15
2252	2.28
2270	2.25
2276	2.15
2288	2.29
2300	2.17
2324	2.17
2330	2.3
2348	2.29
2354	3.86
2366	4.395
2378	2.21
2378	3.545
2396	2.315
2408	2.195
2414	2.195
2414	4.3
2420	2.29
2426	2.34
2438	4.355
2486	2.22
2486	2.355
2492	2.355
2492	4.33
2534	2.235
2561	2.235
2588	2.425
2606	2.27
2615	2.43
2642	2.445
2651	2.305
2660	2.46
2687	2.46
2714	2.445
2723	2.305
2732	2.495
2750	8.435
2759	8.14
2777	2.485
2786	2.3
2813	2.49
2831	2.48
2831	2.525
2849	2.385
2885	2.525
2921	2.525
3020	2.565
3047	2.515
3065	2.47
3074	2.61
3092	2.58
3101	3.7
3119	2.525
3173	2.705
3209	2.665
3263	2.705
3353	2.76
3353	2.775
3362	2.725
3407	2.805
3506	3.54
3677	2.63
