430	1.46
438	1.465
466	1.47
486	1.535
506	1.51
558	1.575
574	1.59
582	1.605
590	1.54
598	1.515
626	1.635
650	1.61
654	1.585
666	1.56
678	1.57
690	1.58
702	1.64
714	1.665
726	1.675
734	1.63
758	1.64
766	1.705
782	1.655
798	1.675
806	1.68
814	1.69
822	1.69
842	1.7
858	1.655
866	1.73
882	1.685
898	1.685
906	1.585
906	1.755
938	1.725
946	1.725
954	1.735
966	1.625
970	1.745
982	1.695
986	1.75
994	1.745
1002	1.77
1010	1.72
1030	1.73
1038	1.805
1078	1.765
1086	1.78
1106	1.73
1114	1.8
1122	1.8
1130	1.815
1134	1.745
1158	1.755
1170	1.825
1182	1.715
1188	1.62
1200	1.79
1224	1.815
1230	1.76
1236	1.67
1236	1.775
1236	1.795
1248	1.83
1260	1.8
1278	1.785
1290	1.87
1308	1.765
1320	1.825
1338	1.785
1344	1.845
1368	1.86
1404	1.785
1410	1.9
1422	1.835
1434	1.86
1440	1.665
1446	1.81
1458	1.88
1464	1.9
1482	1.89
1488	1.695
1506	1.815
1518	1.84
1518	1.95
1542	1.87
1542	1.9
1566	1.915
1590	1.93
1608	1.84
1626	1.985
1668	1.835
1668	1.96
1692	1.98
1698	2.005
1710	1.905
1716	1.725
1722	1.935
1770	1.88
1770	1.98
1794	1.905
1800	2.02
1830	2.045
1848	1.905
1866	2.02
1872	1.925
1884	1.725
1890	2.04
1902	2.035
1920	1.765
1926	2.07
1944	1.955
1956	2.055
1956	2.07
1980	2.07
2022	1.95
2046	2.085
2046	2.095
2070	1.945
2070	2.11
2094	2.08
2112	1.795
2124	2.065
2136	2.115
2154	1.99
2160	2.11
2166	2.15
2178	2.02
2190	2.165
2208	2.085
2214	2.155
2220	2.165
2238	2.165
2250	2.16
2292	1.82
2298	2.18
2310	2.05
2322	2.185
2340	2.14
2340	2.155
2370	2.045
2376	2.205
2400	2.2
2412	2.045
2418	2.195
2430	2.26
2442	2.095
2448	2.245
2472	2.07
2472	2.265
2490	2.085
2505	2.275
2523	2.27
2532	2.265
2550	2.095
2550	2.26
2577	2.3
2595	2.295
2604	2.1
2622	2.3
2640	2.1
2649	2.33
2676	2.145
2685	2.33
2694	2.365
2712	2.135
2712	2.375
2730	2.36
2757	2.385
2784	2.17
2793	2.41
2811	2.42
2820	2.415
2829	2.205
2883	2.415
2919	2.455
2946	2.46
2964	2.505
2973	2.225
2982	2.47
3000	2.47
3027	2.53
3036	2.275
3081	2.58
3099	2.54
3117	2.565
3153	2.58
3153	2.595
3180	2.54
3207	2.615
3261	2.66
3315	2.685
3387	2.725
3414	2.78
3432	2.745
3441	2.795
3531	2.88
3540	3.005
3576	2.91
3666	3.05
3720	3.295
3810	3.735
404	1.465
456	1.535
476	1.51
524	1.57
532	1.575
544	1.595
560	1.615
568	1.63
580	1.63
592	1.645
604	1.635
608	1.605
636	1.64
672	1.64
696	1.68
700	1.555
720	1.695
724	1.695
728	1.685
728	1.71
736	1.71
744	1.73
756	1.675
780	1.695
784	1.765
804	1.705
820	1.72
836	1.73
848	1.595
856	1.75
860	1.755
868	1.76
876	1.71
884	1.78
900	1.74
920	1.74
924	1.805
940	1.75
968	1.77
972	1.665
984	1.68
992	1.785
1000	1.78
1004	1.74
1012	1.805
1020	1.82
1052	1.77
1060	1.84
1096	1.805
1108	1.81
1112	1.69
1128	1.77
1132	1.815
1136	1.83
1144	1.835
1154	1.84
1178	1.79
1190	1.865
1202	1.755
1220	1.825
1238	1.79
1244	1.85
1256	1.815
1256	1.845
1262	1.7
1268	1.86
1280	1.865
1298	1.815
1310	1.905
1328	1.8
1358	1.82
1364	1.875
1388	1.885
1424	1.82
1430	1.93
1460	1.705
1466	1.835
1472	1.86
1478	1.91
1502	1.92
1508	1.735
1526	1.845
1544	1.955
1568	1.87
1586	1.94
1592	1.94
1610	1.955
1622	1.935
1628	1.87
1634	1.895
1652	1.985
1688	1.855
1694	1.73
1694	1.96
1718	1.98
1724	2.0
1736	1.76
1736	1.91
1754	2.025
1778	1.88
1790	2.0
1796	1.89
1820	1.99
1850	2.06
1874	1.91
1892	2.015
1904	1.995
1910	2.04
1922	2.05
1934	1.995
1946	1.78
1946	2.09
1952	1.925
1970	1.96
1982	2.05
1988	2.06
2006	2.06
2018	2.05
2042	1.96
2042	2.095
2066	2.095
2072	2.075
2096	1.95
2096	2.09
2126	2.145
2138	1.8
2156	2.115
2168	1.965
2180	1.99
2180	2.125
2192	2.12
2210	2.175
2240	2.135
2252	2.0
2252	2.12
2258	2.165
2264	2.145
2294	2.195
2318	2.01
2324	2.155
2336	2.15
2342	2.195
2354	2.185
2360	1.995
2366	2.125
2372	2.225
2396	2.035
2402	2.185
2426	2.185
2432	2.215
2438	2.035
2450	2.25
2474	2.215
2492	2.21
2492	2.245
2498	2.05
2507	2.23
2507	2.255
2525	2.27
2552	2.23
2579	2.065
2579	2.27
2597	2.3
2624	2.255
2633	2.075
2642	2.28
2669	2.07
2669	2.32
2696	2.28
2705	2.11
2714	2.285
2741	2.105
2741	2.325
2759	2.31
2786	2.32
2804	2.15
2804	2.365
2822	2.345
2840	2.335
2840	2.355
2849	2.35
2867	2.4
2876	2.32
2885	2.375
2894	2.51
2912	2.17
2930	2.425
2939	2.565
2948	2.395
2957	2.55
2966	2.2
2966	2.415
2993	2.445
3002	2.18
3011	2.42
3029	2.42
3047	2.495
3065	2.22
3074	2.625
3083	2.425
3110	2.505
3128	2.47
3137	2.65
3146	2.46
3164	2.55
3182	2.505
3191	2.66
3200	2.495
3218	2.585
3236	2.54
3245	2.685
3254	2.515
3272	2.62
3290	2.575
3299	2.745
3308	2.555
3326	2.65
3344	2.605
3380	2.67
3443	2.685
3452	2.825
3461	2.665
3479	2.755
3524	2.825
3578	2.835
3623	2.9
3668	2.97
3713	3.045
3758	3.165
