398	1.98
402	2.02
410	2.035
414	2.08
426	2.115
434	2.325
446	2.21
446	2.385
454	2.22
478	2.325
490	2.145
538	2.235
546	2.28
622	2.26
662	2.7
686	2.335
690	2.375
730	2.495
758	2.325
794	2.395
810	2.27
814	2.4
818	2.48
830	2.405
834	2.44
890	2.35
898	2.365
934	2.425
946	2.485
950	2.355
954	2.435
966	2.445
966	2.485
966	2.54
970	2.455
974	2.485
1002	2.7
1014	2.38
1022	2.385
1034	2.4
1058	2.47
1070	2.46
1082	2.54
1082	2.7
1090	2.475
1102	2.47
1106	2.495
1110	2.515
1138	2.72
1142	2.425
1152	2.405
1164	2.43
1176	2.475
1188	2.49
1200	2.485
1200	2.675
1212	2.71
1218	2.385
1218	2.485
1218	2.5
1230	2.53
1236	2.52
1242	2.53
1242	2.565
1248	2.455
1254	2.59
1266	2.615
1272	2.45
1272	2.72
1272	2.775
1278	2.475
1284	2.76
1290	2.455
1296	2.415
1296	2.6
1302	2.395
1308	2.49
1308	2.585
1320	2.705
1326	2.515
1326	2.555
1332	2.605
1332	2.745
1338	2.41
1338	2.59
1344	2.51
1350	2.42
1356	2.455
1356	2.535
1356	2.6
1362	2.455
1362	2.54
1362	2.575
1362	2.6
1368	2.38
1368	2.48
1374	2.56
1380	2.455
1380	2.49
1386	2.66
1392	2.485
1392	2.6
1392	2.78
1398	2.515
1398	2.78
1410	2.49
1410	2.6
1410	2.78
1416	2.485
1416	2.515
1416	2.565
1428	2.505
1434	2.545
1440	2.565
1440	2.735
1446	2.445
1458	2.545
1458	2.57
1458	2.695
1464	2.42
1464	2.46
1464	2.53
1470	2.58
1470	2.62
1476	2.49
1476	2.59
1482	2.495
1482	2.595
1482	2.615
1488	2.445
1488	2.485
1494	2.605
1500	2.505
1506	2.665
1512	2.795
1512	2.835
1518	2.555
1518	2.575
1518	2.665
1518	2.76
1524	2.525
1524	2.535
1524	2.655
1530	2.435
1530	2.52
1530	2.79
1530	2.855
1530	2.9
1542	2.54
1542	2.705
1548	2.475
1554	2.565
1554	2.585
1554	2.75
1560	2.705
1560	2.75
1572	2.5
1572	2.58
1572	2.6
1578	2.69
1584	2.425
1584	2.6
1584	2.655
1590	2.615
1596	2.6
1596	2.615
1596	2.64
1602	2.775
1614	2.44
1614	2.57
1614	2.725
1620	2.535
1626	2.825
1632	2.565
1632	2.705
1638	2.895
1644	2.57
1650	2.57
1656	2.59
1656	2.61
1662	2.595
1662	2.775
1668	2.605
1674	2.515
1674	2.715
1680	2.635
1680	2.8
1686	2.54
1686	2.63
1692	2.69
1698	2.255
1698	2.545
1698	2.655
1698	2.695
1704	2.655
1710	2.81
1716	2.46
1722	2.515
1722	2.58
1722	2.75
1728	2.5
1728	2.56
1728	2.745
1734	2.84
1734	2.885
1740	2.59
1746	2.535
1746	2.73
1746	2.905
1758	2.64
1758	2.755
1764	2.74
1764	2.785
1776	2.505
1776	2.565
1776	2.76
1782	2.64
1782	2.72
1788	2.5
1788	2.565
1788	2.63
1788	2.785
1794	2.665
1800	2.3
1800	2.545
1806	2.645
1806	2.69
1812	2.595
1812	2.875
1818	2.535
1824	2.715
1824	2.785
1830	2.59
1836	2.45
1836	2.885
1842	2.61
1848	2.515
1848	2.61
1848	2.78
1848	2.85
1854	2.565
1854	2.935
1860	2.54
1860	2.665
1860	2.795
1866	2.61
1872	2.555
1872	2.65
1872	2.825
1878	2.665
1884	2.645
1884	2.675
1884	2.865
1896	2.585
1896	2.59
1896	2.68
1902	2.59
1902	2.66
1902	2.7
1908	2.625
1908	2.705
1914	2.86
1920	2.625
1920	2.745
1926	2.62
1926	2.805
1932	2.565
1932	2.76
1938	2.66
1938	2.775
1938	2.895
1950	3.0
1956	2.695
1956	2.855
1962	2.62
1962	2.83
1968	2.495
1968	2.69
1974	2.845
1980	2.665
1980	2.7
1980	2.89
1986	2.54
1986	2.765
1992	2.64
1992	2.67
1998	2.725
1998	2.745
1998	2.765
2010	2.63
2010	2.65
2010	2.87
2016	2.58
2016	2.66
2022	2.64
2022	2.78
2034	2.675
2034	2.82
2034	2.93
2040	2.505
2040	2.815
2052	2.69
2058	2.555
2058	2.705
2064	2.705
2064	2.89
2070	2.75
2070	2.845
2076	2.64
2076	2.905
2088	2.65
2088	2.77
2088	2.81
2094	2.705
2094	2.77
2094	2.9
2100	2.94
2106	2.645
2112	2.68
2112	2.835
2118	2.555
2124	2.53
2124	2.71
2124	2.845
2124	2.965
2130	2.575
2130	2.64
2136	2.68
2136	2.985
2142	2.6
2142	2.89
2154	2.585
2160	2.77
2166	2.675
2166	2.94
2178	2.795
2184	2.785
2190	2.955
2196	2.725
2196	2.915
2202	2.71
2208	2.74
2208	2.87
2214	2.61
2214	2.725
2214	2.99
2220	2.795
2226	2.76
2232	2.87
2238	2.775
2244	2.805
2244	2.91
2256	2.8
2256	2.9
2262	2.825
2268	2.82
2274	2.7
2280	2.75
2286	2.855
2292	2.765
2298	3.02
2304	2.77
2310	2.735
2310	2.79
2310	2.99
2322	2.73
2328	2.825
2334	3.01
2340	2.695
2340	2.735
2340	2.925
2346	2.84
2346	2.875
2358	2.775
2358	3.01
2370	2.81
2376	2.775
2382	2.795
2388	2.84
2394	2.735
2394	2.775
2400	2.755
2400	2.825
2406	2.755
2406	2.86
2406	3.0
2418	2.84
2418	3.0
2424	2.875
2430	2.81
2430	2.88
2448	2.84
2454	2.81
2466	2.795
2472	2.97
2478	2.775
2478	2.855
2484	2.84
2484	2.88
2496	2.805
2505	2.89
2532	2.815
2532	2.955
2541	2.86
2550	2.8
2550	3.035
2559	2.9
2559	3.01
2568	2.855
2577	2.915
2586	2.905
2604	2.875
2631	2.935
2649	2.955
2649	2.99
2667	2.845
2676	2.9
2694	2.855
2694	3.09
2703	2.955
2721	2.975
2721	3.02
2730	2.905
2757	2.92
2784	2.965
2793	3.02
2820	2.965
2856	3.07
404	2.335
408	2.03
408	2.26
424	2.075
424	2.1
432	2.14
444	2.17
456	2.08
456	2.11
456	2.365
460	2.4
464	2.435
468	2.09
468	2.25
472	2.085
472	2.27
476	2.285
484	2.13
488	2.32
488	2.34
496	2.175
496	2.375
496	2.64
512	2.575
516	2.185
524	2.39
532	2.425
536	2.595
540	2.24
552	2.75
560	2.265
568	2.21
568	2.295
576	2.57
576	2.735
588	2.365
588	2.55
600	2.565
608	2.615
628	2.735
628	2.75
636	2.79
644	2.29
660	2.59
660	2.865
668	2.57
684	2.715
684	2.86
704	2.735
712	2.395
720	2.66
744	2.81
752	2.66
756	2.83
768	2.84
776	2.755
776	2.86
780	2.35
788	2.37
788	2.665
792	2.78
800	2.895
808	2.72
808	2.885
808	2.9
808	2.935
820	2.27
828	2.31
836	2.415
844	2.775
852	2.425
852	2.775
856	2.455
868	2.955
872	2.345
872	2.835
876	2.85
884	2.855
896	2.37
900	2.865
916	2.77
920	2.39
928	2.405
952	2.315
956	2.43
968	2.51
972	2.37
976	2.45
988	2.49
996	2.45
996	2.495
1008	2.375
1036	2.4
1044	2.385
1060	2.43
1084	2.335
1084	2.375
1092	2.465
1100	2.385
1112	2.455
1112	2.48
1116	2.455
1120	2.38
1124	2.475
1124	2.5
1128	2.5
1132	2.525
1136	2.41
1140	2.42
1154	2.43
1172	2.32
1172	2.415
1178	2.725
1190	2.425
1202	2.37
1208	2.37
1214	2.355
1214	2.485
1220	2.525
1238	2.495
1244	2.395
1244	2.48
1250	2.54
1256	2.47
1262	2.435
1262	2.5
1262	2.535
1274	2.445
1286	2.615
1292	2.455
1292	2.725
1310	2.47
1316	2.61
1316	2.715
1322	2.355
1322	2.4
1334	2.375
1346	2.505
1346	2.685
1352	2.42
1352	2.53
1358	2.585
1358	2.7
1364	2.52
1370	2.435
1370	2.475
1376	2.455
1376	2.525
1382	2.455
1382	2.54
1388	2.4
1388	2.455
1388	2.545
1394	2.37
1400	2.45
1400	2.51
1406	2.465
1412	2.605
1418	2.455
1418	2.525
1418	2.74
1418	2.785
1424	2.74
1430	2.49
1436	2.57
1436	2.73
1436	2.785
1436	2.855
1442	2.405
1448	2.505
1460	2.525
1460	2.725
1466	2.805
1472	2.435
1472	2.69
1478	2.73
1484	2.505
1484	2.54
1490	2.395
1490	2.49
1496	2.485
1496	2.545
1496	2.595
1502	2.465
1502	2.56
1508	2.45
1508	2.56
1508	2.76
1514	2.425
1514	2.46
1514	2.605
1520	2.485
1520	2.63
1526	2.665
1532	2.41
1532	2.49
1532	2.785
1538	2.45
1538	2.65
1538	2.795
1544	2.55
1550	2.51
1556	2.805
1562	2.43
1568	2.515
1568	2.675
1574	2.45
1574	2.525
1574	2.545
1580	2.46
1580	2.56
1580	2.725
1586	2.5
1592	2.575
1592	2.76
1598	2.455
1598	2.56
1604	2.605
1610	2.495
1610	2.6
1610	2.78
1616	2.48
1616	2.53
1616	2.58
1616	2.615
1616	2.65
1616	2.76
1622	2.305
1622	2.49
1622	2.51
1622	2.58
1622	2.775
1628	2.505
1628	2.55
1628	2.73
1634	2.55
1634	2.675
1640	2.525
1640	2.54
1640	2.685
1646	2.7
1646	2.81
1652	2.53
1652	2.69
1658	2.535
1658	2.75
1670	2.77
1676	2.475
1682	2.71
1688	2.585
1694	2.455
1694	2.72
1700	2.5
1700	2.595
1700	2.785
1706	2.475
1706	2.59
1712	2.59
1724	2.5
1724	2.61
1724	2.7
1730	2.575
1730	2.615
1730	2.81
1736	2.46
1736	2.525
1736	2.575
1736	2.755
1742	2.525
1742	2.695
1748	2.525
1748	2.55
1748	2.7
1754	2.475
1754	2.69
1754	2.84
1760	2.795
1766	2.555
1766	2.74
1778	2.45
1784	2.6
1784	2.725
1790	2.605
1796	2.495
1796	2.595
1796	2.76
1802	2.475
1808	2.5
1808	2.625
1808	2.795
1814	2.515
1826	2.645
1832	2.54
1832	2.615
1832	2.645
1838	2.795
1844	2.715
1850	2.575
1850	2.69
1850	2.73
1856	2.455
1862	2.425
1862	2.735
1862	2.835
1868	2.55
1868	2.575
1868	2.585
1868	2.765
1874	2.545
1880	2.865
1886	2.515
1886	2.61
1886	2.765
1898	2.55
1898	2.615
1910	2.63
1910	2.81
1916	2.575
1922	2.56
1922	2.795
1928	2.61
1928	2.655
1928	2.69
1928	2.725
1934	2.83
1940	2.445
1946	2.59
1946	2.775
1952	2.59
1952	2.735
1958	2.495
1958	2.54
1958	2.615
1958	2.88
1964	2.48
1964	2.61
1964	2.76
1970	2.61
1970	2.76
1976	2.615
1976	2.9
1982	2.64
1982	2.8
1988	2.495
1988	2.78
1994	2.47
2000	2.66
2006	2.66
2012	2.58
2012	2.7
2012	2.79
2018	2.585
2018	2.715
2024	2.675
2024	2.685
2024	2.71
2030	2.615
2030	2.865
2036	2.825
2048	2.61
2048	2.64
2054	2.645
2054	2.895
2060	2.49
2060	2.615
2060	2.89
2072	2.465
2072	2.675
2078	2.58
2078	2.64
2084	2.53
2084	2.685
2090	2.57
2090	2.815
2096	2.575
2096	2.69
2102	2.61
2102	2.855
2114	2.64
2114	2.71
2120	2.66
2120	2.695
2120	2.715
2120	2.865
2126	2.875
2132	2.605
2132	2.805
2132	2.95
2138	2.64
2138	2.71
2150	2.635
2150	2.9
2162	2.925
2168	2.555
2174	2.695
2174	2.805
2186	2.65
2186	2.71
2186	2.86
2192	2.64
2198	2.625
2204	2.735
2204	2.77
2210	2.875
2216	2.655
2222	2.67
2240	2.67
2246	2.545
2246	2.625
2252	2.695
2270	2.67
2270	2.74
2276	2.655
2282	2.875
2288	2.76
2288	2.805
2294	2.76
2306	2.69
2324	2.645
2330	2.74
2336	2.68
2336	2.725
2342	2.89
2348	2.74
2354	2.735
2354	2.76
2354	2.875
2366	2.7
2372	2.78
2372	2.815
2396	2.715
2408	2.665
2420	2.67
2420	2.725
2420	2.9
2426	2.755
2438	2.72
2444	2.765
2450	2.815
2450	2.845
2456	2.72
2456	2.805
2468	2.745
2480	2.685
2480	2.75
2486	2.73
2492	2.765
2507	2.7
2507	2.785
2516	2.73
2516	2.775
2516	2.875
2525	2.85
2534	2.625
2534	2.79
2534	2.825
2543	2.745
2552	2.775
2570	2.78
2579	2.8
2588	2.815
2597	2.75
2606	2.835
2606	2.875
2615	2.725
2624	2.775
2642	2.82
2651	2.75
2660	2.84
2678	2.815
2678	2.865
2678	2.885
2696	2.785
2723	2.77
2732	2.85
2741	2.81
2750	2.875
2768	2.825
2786	2.81
2795	2.88
2822	2.91
2831	2.86
2849	2.855
2858	2.835
2867	2.885
2885	2.97
2912	2.9
