438	1.825
458	1.63
470	1.695
498	1.735
518	1.98
522	1.79
546	1.7
562	1.73
578	1.76
598	1.755
598	1.78
598	2.185
606	1.755
610	1.82
634	2.085
670	1.89
678	1.845
690	1.8
710	1.8
714	2.07
730	1.86
742	1.84
746	1.83
750	1.835
750	1.885
782	2.17
798	1.825
814	2.29
822	1.92
822	2.375
838	1.85
846	1.845
854	1.885
858	1.85
862	2.13
878	1.88
886	1.895
894	1.885
902	1.955
930	2.22
938	1.855
938	2.405
954	1.9
958	2.02
962	1.975
982	1.905
986	1.95
994	1.905
998	1.96
1006	2.17
1018	1.935
1026	1.935
1026	1.97
1030	2.0
1034	1.93
1038	2.02
1054	1.9
1058	2.02
1066	1.915
1070	2.075
1070	2.165
1074	2.265
1082	1.89
1094	1.935
1094	2.07
1098	2.015
1114	1.955
1126	1.95
1130	2.005
1130	2.175
1138	2.12
1152	2.18
1158	1.965
1158	2.01
1176	1.925
1176	2.075
1182	2.04
1188	2.085
1194	1.955
1194	2.31
1200	1.945
1206	2.095
1206	2.19
1212	1.92
1218	2.125
1224	1.945
1224	2.11
1224	2.135
1230	2.045
1242	1.965
1242	2.015
1248	2.165
1254	1.97
1284	2.005
1284	2.06
1284	2.165
1296	2.23
1302	2.08
1308	2.085
1308	2.275
1314	2.09
1326	2.01
1332	2.215
1338	2.165
1344	2.27
1350	2.095
1350	2.14
1356	2.205
1362	2.02
1380	2.015
1380	2.205
1386	2.265
1398	2.025
1404	2.08
1404	2.29
1410	2.045
1416	2.125
1422	2.3
1428	2.025
1428	2.12
1428	2.16
1434	2.165
1440	2.02
1446	2.195
1452	1.985
1452	2.27
1464	2.025
1470	2.125
1470	2.17
1470	2.25
1476	2.055
1488	2.045
1494	2.115
1500	2.07
1500	2.31
1506	2.22
1512	2.05
1512	2.325
1524	2.085
1524	2.11
1524	2.265
1530	2.145
1530	2.34
1536	2.04
1536	2.165
1542	2.17
1548	2.18
1554	2.03
1554	2.235
1560	2.215
1572	2.07
1578	2.175
1584	2.2
1584	2.205
1584	2.22
1584	2.5
1590	2.085
1590	2.29
1590	2.605
1590	2.935
1602	2.1
1608	2.215
1614	2.965
1620	2.125
1620	2.33
1632	2.115
1632	2.125
1632	2.16
1632	3.055
1638	2.36
1644	2.065
1644	2.21
1656	2.075
1662	2.09
1674	2.095
1674	2.275
1680	2.335
1686	2.215
1686	2.235
1692	2.255
1692	2.31
1698	2.96
1704	2.1
1704	2.14
1710	2.205
1716	2.26
1722	2.17
1722	3.01
1728	2.215
1734	2.15
1734	3.04
1740	2.15
1740	2.185
1746	2.23
1752	2.235
1758	2.09
1758	2.235
1758	2.575
1758	3.135
1764	2.34
1776	2.115
1776	2.275
1776	2.895
1782	2.85
1788	2.125
1788	2.13
1794	2.205
1794	2.215
1794	2.235
1794	2.275
1794	2.285
1806	2.15
1806	2.165
1812	2.19
1812	2.225
1818	2.255
1824	2.2
1830	2.24
1836	2.17
1836	2.185
1836	2.305
1842	2.175
1842	2.2
1854	2.255
1854	2.285
1860	2.64
1866	2.325
1872	2.14
1878	2.155
1878	2.32
1884	2.15
1884	2.41
1884	2.58
1890	2.275
1890	2.285
1896	2.315
1902	2.21
1908	2.655
1914	2.29
1914	2.295
1932	2.22
1938	2.185
1938	2.235
1938	2.26
1950	2.3
1950	2.305
1962	2.305
1962	2.68
1968	2.185
1974	2.34
1980	2.19
1980	2.33
1986	2.295
1986	2.305
1986	2.335
1986	2.37
1992	2.13
1998	2.225
1998	2.39
2010	3.285
2016	2.315
2016	3.225
2022	2.25
2028	2.24
2028	2.25
2028	2.26
2028	2.66
2040	2.18
2040	2.345
2040	2.37
2046	2.34
2052	2.675
2058	2.225
2070	2.225
2070	2.375
2076	2.33
2076	2.34
2082	2.175
2082	2.385
2082	2.415
2088	2.205
2100	2.33
2100	2.975
2112	2.305
2118	2.28
2118	2.325
2124	2.38
2130	2.395
2130	2.44
2130	2.9
2130	2.96
2142	2.375
2148	2.265
2148	2.99
2154	2.265
2154	2.385
2154	2.74
2160	2.23
2160	2.39
2166	2.365
2166	2.455
2172	2.32
2172	3.02
2184	3.07
2196	2.345
2202	2.315
2202	2.365
2202	2.88
2202	3.005
2208	2.265
2208	2.355
2208	2.44
2220	2.41
2226	2.285
2226	3.01
2232	2.27
2232	2.45
2232	3.16
2238	2.945
2238	3.005
2244	2.43
2244	3.06
2244	3.525
2250	2.405
2250	2.455
2250	2.55
2250	3.88
2256	2.355
2256	2.52
2262	2.295
2262	3.535
2268	2.665
2268	2.675
2268	3.025
2268	3.055
2268	3.07
2268	3.65
2274	2.96
2274	3.61
2274	3.625
2286	2.355
2286	2.38
2292	2.33
2292	3.01
2292	3.02
2298	3.155
2304	2.445
2310	2.33
2316	2.435
2316	3.225
2322	2.325
2322	2.43
2328	2.455
2328	2.465
2328	2.94
2334	2.515
2334	3.08
2340	2.33
2340	2.525
2346	3.045
2352	3.115
2352	3.645
2364	2.39
2364	3.18
2370	2.41
2376	3.185
2382	2.35
2382	2.49
2382	3.175
2382	3.21
2394	2.35
2394	3.79
2406	2.485
2412	2.46
2412	2.465
2412	3.185
2418	2.51
2442	2.425
2442	3.14
2442	3.155
2448	2.44
2454	3.805
2460	2.405
2460	2.515
2472	2.58
2478	2.365
2478	2.55
2484	2.44
2484	2.505
2490	2.455
2490	2.58
2505	2.485
2523	2.44
2523	2.485
2532	3.755
2532	3.77
2541	2.41
2550	2.455
2559	2.54
2559	2.545
2568	2.595
2568	3.055
2595	2.47
2595	2.52
2595	3.7
2595	3.705
2604	3.75
2613	2.645
2613	3.11
2622	2.465
2631	2.54
2631	2.575
2631	2.715
2640	2.63
2640	2.865
2667	2.485
2667	2.56
2667	3.66
2676	2.745
2676	3.74
2685	2.49
2685	2.905
2703	2.52
2703	2.59
2703	2.9
2730	2.545
2730	3.75
2748	2.695
2757	2.52
2757	3.69
2766	2.495
2766	2.66
2775	2.61
2775	2.72
2775	2.94
2784	2.72
2802	2.55
2802	2.57
2802	3.74
2811	3.145
2820	2.565
2829	3.765
2838	2.645
2847	2.705
2865	2.57
2865	2.585
2883	2.8
2892	2.565
2910	2.745
2919	2.82
2928	2.615
2946	2.82
2955	2.615
2973	2.78
2973	2.855
2991	2.63
2991	2.875
3036	2.57
3045	2.87
3054	2.66
3072	2.71
3090	2.665
3090	2.89
3099	2.88
3108	2.73
3162	2.745
3180	2.725
3216	2.8
3234	2.785
3270	2.835
3324	2.875
3378	2.92
3423	2.965
3459	2.865
3522	3.08
404	1.6
412	1.645
416	1.58
424	1.63
432	1.615
436	1.665
436	1.85
448	1.775
452	1.72
452	1.76
456	1.905
460	1.74
460	1.975
464	2.01
472	1.72
472	1.73
476	1.71
476	1.995
484	1.695
484	1.77
488	2.01
496	1.755
500	1.775
500	1.95
508	1.825
508	2.05
512	1.735
512	1.92
516	1.805
516	2.09
520	1.82
524	1.935
528	2.065
536	1.71
536	2.04
540	1.76
540	2.155
544	1.84
544	2.18
548	1.98
552	1.995
560	1.78
560	2.055
564	1.8
568	1.885
572	1.76
576	2.055
580	1.805
580	1.82
584	2.095
588	1.835
588	1.92
592	2.05
596	1.825
600	2.06
604	2.08
608	1.805
608	2.04
612	2.1
616	1.835
616	1.845
616	2.065
616	2.245
624	1.845
628	1.85
636	2.14
644	1.895
648	2.06
652	1.835
652	1.9
652	1.92
652	2.145
660	1.83
660	2.07
664	1.935
668	2.2
672	1.795
680	1.805
688	1.835
688	1.945
688	1.965
692	2.175
692	2.21
696	1.9
704	2.235
708	1.87
716	2.12
720	2.06
720	2.235
724	1.91
724	2.075
728	1.85
732	2.13
744	2.115
748	1.92
756	1.885
760	2.125
764	1.88
764	1.915
768	2.18
772	1.895
776	1.94
776	1.955
780	2.185
784	1.955
788	2.235
792	1.975
796	2.11
800	1.955
804	2.21
804	2.235
808	2.015
808	2.11
812	1.895
812	2.205
816	2.19
824	1.875
824	2.32
832	1.9
836	1.91
836	2.01
836	2.325
840	1.955
844	1.855
844	1.955
844	2.235
844	2.41
848	2.285
852	1.94
856	1.905
864	1.9
864	1.93
864	2.41
872	1.945
872	2.18
884	2.165
884	2.355
888	2.2
896	2.165
900	1.92
900	1.935
900	2.23
908	1.925
908	1.97
912	1.985
916	1.925
920	2.0
920	2.01
920	2.25
928	2.01
932	2.19
936	2.225
940	2.035
944	2.255
948	1.905
948	2.35
952	2.065
952	2.145
952	2.255
956	1.9
956	2.355
956	2.365
960	2.43
964	2.4
968	1.895
972	1.945
976	2.16
976	2.425
980	2.055
984	1.9
984	2.01
988	1.985
996	1.945
996	1.965
1004	1.955
1008	1.995
1012	1.97
1012	2.22
1024	2.005
1032	2.185
1036	1.975
1040	2.235
1044	1.975
1048	2.01
1052	2.025
1056	1.975
1060	2.05
1072	1.995
1072	2.235
1080	2.31
1092	2.095
1092	2.19
1096	2.29
1104	1.94
1104	2.085
1108	2.245
1116	1.95
1116	2.1
1120	2.045
1132	2.005
1132	2.21
1136	1.995
1140	1.985
1144	2.04
1148	2.01
1154	2.22
1166	2.02
1166	2.24
1178	2.0
1178	2.05
1178	2.245
1178	2.385
1184	2.06
1190	2.19
1196	2.065
1202	2.045
1202	2.08
1202	2.17
1208	2.185
1214	1.955
1214	1.985
1214	2.1
1226	2.215
1232	2.32
1238	2.16
1250	2.075
1250	2.115
1262	2.0
1262	2.04
1268	2.19
1280	2.055
1280	2.185
1298	2.03
1298	2.26
1304	2.03
1310	2.065
1310	2.095
1310	2.435
1316	2.24
1322	2.11
1328	2.005
1328	2.115
1328	2.295
1334	2.195
1346	2.04
1346	2.175
1346	2.28
1346	2.355
1352	2.01
1358	2.015
1358	2.175
1358	2.805
1370	2.01
1370	2.165
1376	2.09
1376	2.21
1382	2.755
1382	2.775
1394	2.04
1400	2.045
1400	2.09
1406	2.22
1412	2.27
1424	2.07
1424	2.295
1430	2.1
1436	2.05
1436	2.13
1436	2.195
1436	2.965
1442	2.02
1442	2.14
1442	2.31
1448	2.15
1454	2.035
1454	2.17
1460	2.165
1460	2.23
1466	2.08
1472	2.04
1472	2.185
1478	2.245
1478	2.27
1484	2.055
1484	2.425
1490	2.145
1490	2.195
1490	2.265
1490	3.095
1496	2.1
1508	2.09
1514	2.125
1514	2.21
1520	2.42
1538	2.095
1538	2.305
1544	2.095
1544	2.14
1544	2.445
1556	2.045
1556	2.185
1556	2.345
1556	2.53
1562	2.14
1562	2.165
1562	2.175
1568	2.16
1568	2.225
1568	3.055
1574	2.05
1574	2.155
1586	2.425
1598	2.065
1598	2.295
1604	2.225
1604	2.27
1610	2.08
1610	2.185
1610	2.29
1616	2.115
1616	2.92
1622	2.34
1622	2.465
1628	2.16
1628	2.235
1640	2.13
1640	2.315
1640	2.94
1646	2.275
1652	2.125
1658	2.15
1658	2.2
1658	2.28
1658	3.025
1670	2.46
1676	2.195
1676	2.21
1682	2.195
1688	2.265
1688	2.29
1694	2.25
1700	2.105
1700	2.445
1706	2.1
1706	2.32
1706	3.18
1712	2.205
1712	2.265
1724	2.33
1730	2.135
1736	2.28
1742	2.54
1748	2.255
1748	2.995
1760	2.14
1760	2.16
1760	2.205
1760	2.335
1766	2.13
1766	2.185
1772	2.235
1772	2.25
1784	3.115
1790	2.275
1796	2.35
1802	2.88
1802	2.89
1808	2.13
1808	2.325
1814	2.235
1814	3.225
1820	2.14
1820	2.2
1820	2.275
1820	2.345
1826	2.215
1832	2.15
1838	2.215
1844	2.565
1850	2.3
1856	2.195
1856	2.345
1862	2.17
1862	2.22
1862	2.235
1868	2.255
1874	2.27
1874	2.28
1886	2.325
1892	2.31
1898	2.155
1904	2.31
1910	2.395
1910	2.515
1916	2.24
1916	2.255
1916	2.315
1916	2.32
1916	2.5
1922	2.435
1928	2.195
1934	2.185
1934	2.26
1940	2.235
1940	2.325
1946	2.305
1946	2.53
1952	2.23
1952	2.825
1958	2.195
1958	2.22
1964	2.285
1982	2.29
1982	2.345
1988	2.275
1994	2.2
2000	2.34
2006	2.305
2012	2.275
2012	2.28
2012	2.38
2012	2.385
2012	3.52
2024	2.36
2036	2.33
2036	3.185
2042	2.375
2048	2.235
2048	2.755
2048	2.85
2054	2.23
2054	2.24
2054	2.335
2060	2.625
2066	2.33
2066	2.615
2072	2.34
2078	2.265
2078	2.355
2084	2.23
2084	2.34
2084	2.635
2090	2.4
2102	2.31
2102	2.315
2108	2.365
2114	2.26
2114	2.44
2120	2.35
2120	2.995
2126	2.415
2126	2.935
2132	2.38
2138	2.27
2138	2.28
2138	2.425
2144	2.315
2144	2.525
2144	2.81
2144	3.035
2150	2.35
2156	2.365
2156	2.525
2156	2.9
2156	2.925
2162	2.37
2174	2.945
2180	2.405
2186	2.355
2186	2.365
2192	2.415
2192	2.94
2198	2.285
2198	2.41
2198	2.68
2198	2.97
2198	2.98
2204	2.7
2210	2.435
2210	3.02
2216	2.445
2216	3.03
2222	2.325
2222	2.42
2222	2.935
2228	2.355
2228	2.63
2228	2.905
2228	2.96
2234	2.295
2234	2.92
2234	2.945
2240	2.41
2246	2.385
2246	2.955
2252	2.63
2252	2.925
2258	2.405
2264	2.87
2264	2.97
2264	3.145
2270	3.305
2270	3.395
2276	2.36
2276	2.37
2276	2.985
2282	2.42
2282	3.765
2288	3.395
2294	2.615
2294	3.025
2300	2.915
2300	3.555
2306	2.34
2306	3.945
2312	2.33
2312	2.38
2312	3.01
2312	3.505
2318	2.935
2318	2.955
2324	2.95
2330	2.405
2330	2.42
2330	3.02
2336	3.15
2354	2.405
2360	2.385
2360	2.47
2360	3.04
2366	2.65
2378	3.05
2384	2.365
2384	3.765
2396	2.535
2396	2.955
2396	3.07
2402	3.135
2408	2.45
2408	2.745
2408	3.12
2414	2.735
2414	3.055
2420	3.72
2426	3.04
2432	2.445
2432	2.495
2438	2.415
2438	2.42
2438	2.44
2444	2.48
2444	3.04
2456	2.955
2456	3.815
2468	2.39
2468	2.4
2468	3.085
2474	2.42
2474	2.795
2486	2.475
2486	3.69
2492	2.47
2507	2.46
2507	3.045
2516	2.445
2525	2.49
2525	2.96
2543	2.41
2552	2.445
2561	3.685
2570	2.455
2570	2.49
2588	2.48
2588	2.91
2597	2.47
2597	2.535
2597	2.98
2597	3.755
2615	2.47
2624	2.45
2624	3.62
2642	2.605
2660	2.515
2660	2.77
2669	2.565
2669	2.65
2669	3.0
2687	2.475
2696	2.54
2696	3.575
2705	2.645
2705	3.63
2714	2.53
2732	2.54
2741	2.58
2759	3.65
2786	3.625
2795	2.58
2804	2.635
2804	2.815
2831	3.665
2840	2.7
2840	3.025
2858	2.705
2858	3.64
2867	2.58
2876	2.63
2894	2.725
2912	2.76
2930	2.615
2930	2.74
2939	2.67
2957	2.735
2975	2.73
3002	2.675
3020	2.795
3038	2.755
1728	2.025
2016	2.105
2100	2.16
2268	2.215
2346	2.25
2424	2.275
2640	2.37
2775	2.435
2838	2.455
2901	2.49
3135	2.63
3189	2.67
3243	2.705
3297	2.745
3351	2.775
3396	2.845
3450	2.855
3495	2.925
3540	2.99
3567	3.1
3594	3.015
3639	3.085
3684	3.175
1166	2.005
1196	1.95
1256	2.045
1268	2.05
1334	2.0
1550	2.06
1688	2.095
