562	3.23
698	3.335
718	3.31
738	3.44
758	3.55
778	3.61
830	3.34
842	3.35
854	3.345
866	3.445
874	3.46
882	3.405
886	3.46
906	3.505
910	3.24
930	3.56
946	3.71
954	3.735
958	3.345
982	3.32
998	3.855
1002	3.42
1006	3.445
1014	3.54
1014	3.94
1018	3.43
1034	3.445
1046	3.455
1054	3.255
1070	3.51
1086	3.6
1098	3.39
1114	3.685
1118	3.345
1122	3.73
1142	3.38
1142	3.785
1152	3.5
1152	3.75
1152	3.815
1158	3.445
1158	3.93
1176	3.775
1182	3.54
1182	3.885
1206	3.605
1230	3.375
1236	4.06
1254	3.665
1266	3.895
1272	3.775
1290	3.435
1296	3.765
1302	3.54
1332	3.75
1356	3.38
1356	3.985
1380	4.015
1476	3.395
1590	3.415
1608	3.385
1698	3.455
1806	3.45
1902	3.545
1908	3.49
2010	3.47
2022	3.445
2118	3.405
2178	3.42
588	3.19
604	3.35
712	3.39
728	3.255
744	3.27
756	3.415
768	3.09
784	3.52
800	3.595
812	3.22
848	3.365
856	3.29
856	3.46
864	3.33
868	3.39
876	3.29
880	3.3
888	3.425
904	3.395
912	3.405
928	3.485
932	3.225
952	3.52
964	3.205
968	3.685
972	3.975
976	3.275
980	3.33
980	3.67
992	3.485
996	3.885
1004	3.305
1012	3.385
1012	3.46
1016	3.35
1024	3.405
1024	3.79
1028	3.33
1040	3.38
1040	3.85
1056	3.415
1068	3.415
1076	3.19
1076	3.375
1080	3.205
1096	3.46
1112	3.53
1124	3.275
1124	3.465
1136	3.615
1136	3.665
1136	3.93
1140	3.335
1140	3.815
1154	3.335
1154	4.045
1166	3.34
1166	3.73
1166	3.795
1172	3.655
1172	3.73
1184	3.645
1190	3.37
1196	3.765
1196	3.785
1208	3.41
1208	3.755
1208	3.81
1232	3.525
1244	3.94
1262	3.97
1268	4.04
1280	3.595
1286	3.85
1292	3.645
1298	3.645
1304	3.685
1316	3.735
1316	4.075
1340	3.69
1376	3.575
1376	3.66
1376	3.92
1394	3.605
1394	3.935
1430	3.645
1430	4.025
1442	3.775
1478	3.84
1496	3.88
1508	3.825
1520	3.9
1616	3.335
1724	3.375
2036	3.365
2144	3.345
2204	3.345
